32835.252069247326
22451.496630040983
21767.286879893552
21128.347612086258
22646.47832962814
26196.969347496553
21549.9746459417
20879.681788517788
32872.76800181191
22095.56813724976
21065.935303246344
23516.136578593
25153.46086376724
21865.99147009013
20711.713407408824
24585.72108409389
21914.0848322028
27476.223910742276
22261.37418114026
22639.140020999475
21961.82100546731
21772.40492037066
20083.747726167654
21910.1830263187
21716.301703127723
20568.234500635062
22691.78281585606
20006.47593980316
22618.070441861033
19901.1178642321
