318733.3906571854
316081.08188770356
313815.18582736724
312690.55548738805
311989.21054511407
310167.9648206339
316078.2594104601
309880.844484843
309889.8095101411
310140.7619683371
309622.1596569474
309842.1574210892
310580.34515103773
308815.0761543213
308899.90672585
307802.8264350733
448193.19624379236
270144.95413521834
258986.2880169194
27231.38362933561
37825.647248648595
21526.12083927859
26015.838196232722
21805.17844852784
22196.71894964371
20102.83019070103
20328.01653815963
20026.59851734944
20408.76638078842
20006.44254202266
