21072.05782157322
20491.525824499073
22018.860124882387
21194.779866992394
20283.177810570607
20193.643503897445
20267.807955437755
20039.685982147585
20032.16320812562
19987.72116836434
21569.470160092216
20132.884404186072
20201.427566515675
20085.51781939178
19906.594457138177
20166.55337065295
19957.880202716122
20322.23935632797
20246.87207185573
20286.546608781955
19892.042286107877
20390.07072150544
19823.988514926685
21982.838905815774
19819.67275389408
19703.18419523524
20679.571437180974
21510.985344853103
20680.55561522237
19749.621143092565
