759216.7469348061
250386.04823759178
195517.2560580826
165023.170405696
173312.87276420157
191620.14676221358
138128.4901731571
122401.41062325945
121422.82808247478
118741.19768170721
126632.01865386008
231459.70727138128
133552.34111261927
247005.96559736552
88584.66960350198
85913.04565361852
93688.0728291882
73933.23394724276
103878.21440011832
68537.20502551683
36890138.96093314
41740486.30450048
35729488.57753435
34849675.827748984
33750826.90097135
30941103353.1795
32587143239.350735
31836829413.283318
31211587994.119007
26477964533.86194
