3.000000000000000000e+01 4.700000000000000000e+01 1.200000000000000000e+01
6.000000000000000000e+01 5.000000000000000000e-01 2.500000000000000000e+01
1.440000000000000000e+02 3.490000000000000213e+00 3.000000000000000000e+00
2.400000000000000000e+02 1.500000000000000000e+00 5.000000000000000000e+00
1.430000000000000000e+02 3.800000000000000044e-01 1.200000000000000000e+01
1.324000000000000000e+03 4.099999999999999645e+00 4.000000000000000000e+00
2.012000000000000000e+03 6.700000000000000178e+00 5.000000000000000000e+00
3.980000000000000000e+03 1.860000000000000000e+02 1.300000000000000000e+01
4.336000000000000000e+03 8.300000000000000711e+00 2.000000000000000000e+00
5.880000000000000000e+03 1.290000000000000000e+02 3.000000000000000000e+01
7.764000000000000000e+03 1.179999999999999938e+00 1.400000000000000000e+01
